0	31.958333333333332	44.800000000000004
1	62.050000000000004	66.1875
2	69.03333333333333	72.5875
3	72.55833333333334	73.2125
4	74.69166666666666	74.1625
5	76.14999999999999	79.3875
6	77.51666666666667	75.3
7	78.19166666666668	77.25
8	79.18333333333332	78.6875
9	79.55833333333334	79.5875
10	80.18333333333332	78.9375
11	80.5	79.55
12	81.08333333333333	78.73750000000001
13	81.35833333333333	80.3875
14	81.72500000000001	80.8625
15	82.26666666666667	82.0875
16	82.23333333333333	79.975
17	82.75	81.825
18	82.86666666666666	82.0
19	83.00833333333333	81.9625
20	83.26666666666667	82.65
21	83.28333333333333	82.4875
22	83.45833333333333	81.425
23	83.89166666666667	82.775
24	84.13333333333334	82.9125
25	84.31666666666666	81.625
26	84.3	82.9375
27	84.18333333333334	82.4625
28	84.80833333333334	81.675
29	84.71666666666667	83.5875
30	84.85833333333333	81.3125
31	84.925	83.55
32	85.34166666666667	83.85000000000001
33	84.95833333333334	83.625
34	85.475	84.725
35	85.575	81.5375
36	85.54166666666667	84.8875
37	86.0	85.1625
38	85.95	84.775
39	85.8	83.92500000000001
40	86.16666666666667	85.4375
41	86.01666666666667	84.2
42	86.275	85.075
43	86.225	85.3625
44	86.46666666666667	85.4375
45	86.54166666666666	82.8625
46	86.85000000000001	85.75
47	86.60833333333333	84.8875
48	86.55833333333334	84.125
49	86.875	85.6125
50	87.01666666666667	85.35000000000001
51	86.775	84.96249999999999
52	87.175	86.58749999999999
53	87.39166666666667	85.4375
54	87.21666666666667	86.5
55	87.28333333333333	84.98750000000001
56	87.44166666666666	85.5
57	87.225	83.76249999999999
58	87.4	85.7375
59	87.425	86.1125
60	87.5	85.78750000000001
61	87.81666666666666	86.52499999999999
62	87.79166666666667	85.46249999999999
63	87.775	85.9
64	87.75	85.675
65	87.5	86.375
66	87.7	85.46249999999999
67	87.83333333333333	85.175
68	87.94999999999999	86.1125
69	88.225	85.575
70	87.97500000000001	86.08749999999999
71	88.05833333333334	85.75
72	88.16666666666667	86.8125
73	88.28333333333333	85.96249999999999
74	88.38333333333334	86.08749999999999
75	88.40833333333333	86.7125
76	88.47500000000001	86.0
77	88.29166666666667	86.225
78	88.20833333333333	86.41250000000001
79	88.64166666666667	86.2875
80	88.45833333333334	86.775
81	88.55	86.625
82	89.00833333333334	86.175
83	88.625	87.4
84	88.875	86.91250000000001
85	88.825	86.58749999999999
86	89.00833333333334	86.125
87	88.94999999999999	87.1375
88	89.20833333333333	87.375
89	89.28333333333333	85.91250000000001
90	89.31666666666666	86.8
91	89.34166666666667	87.125
92	89.45	86.75
93	89.39166666666667	86.6625
94	89.67500000000001	87.2375
95	89.73333333333333	86.5375
96	89.7	87.7625
97	89.44166666666666	87.1625
98	89.48333333333333	87.325
99	89.56666666666668	86.8375
100	89.59166666666667	87.0625
101	89.61666666666666	87.7625
102	89.64166666666667	87.08749999999999
103	89.89166666666667	87.2375
104	89.73333333333333	87.15
105	90.05	87.3125
106	89.775	87.5
107	89.86666666666666	87.7375
108	90.125	86.38749999999999
109	89.98333333333333	87.4875
110	89.83333333333333	87.4
111	89.68333333333334	87.4875
112	90.25	88.125
113	89.775	87.58749999999999
114	89.93333333333334	87.4875
115	89.8	87.0375
116	90.08333333333334	87.4625
117	90.19166666666666	87.0375
118	90.16666666666666	87.675
119	90.10000000000001	87.2375
120	90.025	87.2125
121	90.31666666666666	88.1875
122	89.97500000000001	87.3
123	90.16666666666666	87.575
124	90.08333333333334	87.375
125	90.325	88.0
126	90.30833333333334	87.225
127	90.16666666666666	87.275
128	90.31666666666666	88.1
129	90.275	88.175
130	90.11666666666667	87.8
131	90.47500000000001	87.6875
132	90.35	87.225
133	90.36666666666666	87.225
134	90.48333333333333	87.91250000000001
135	90.55	87.5625
136	90.48333333333333	87.3375
137	90.53333333333333	87.9
138	90.68333333333334	87.8875
139	90.35	87.125
140	90.60000000000001	88.05
141	90.50833333333334	87.5375
142	90.64999999999999	88.175
143	90.68333333333334	87.4375
144	90.575	88.0625
145	90.43333333333334	88.3
146	90.75833333333333	87.85
147	90.575	87.9625
148	90.40833333333333	88.02499999999999
149	90.65833333333333	87.8125
150	90.68333333333334	87.275
151	90.71666666666667	88.1
152	90.77499999999999	88.175
153	90.84166666666667	88.375
154	90.75	88.075
155	90.73333333333333	88.425
156	90.80833333333334	87.6
157	90.64999999999999	87.7875
158	90.825	88.6
159	90.75	87.91250000000001
160	90.64999999999999	88.3625
161	90.525	88.14999999999999
162	90.45833333333333	87.4625
163	90.61666666666667	88.11250000000001
164	90.575	88.44999999999999
165	90.80833333333334	87.58749999999999
166	90.80833333333334	87.8875
167	90.53333333333333	88.3875
168	90.90833333333333	87.45
169	90.825	88.25
170	90.65833333333333	88.4625
171	90.675	88.0125
172	90.9	88.0
173	90.85833333333333	87.9875
174	90.89166666666667	87.8375
175	90.64999999999999	87.91250000000001
176	91.03333333333333	87.725
177	90.925	88.58749999999999
178	91.07499999999999	87.7125
179	90.74166666666666	88.1
180	90.84166666666667	87.325
181	90.925	88.0
182	91.00833333333334	87.7875
183	90.84166666666667	88.47500000000001
184	90.975	88.44999999999999
185	90.88333333333334	88.05
186	90.85833333333333	88.3375
187	90.71666666666667	86.25
188	90.75	87.925
189	90.94166666666666	87.94999999999999
190	90.86666666666666	88.0125
191	90.91666666666667	88.3625
192	91.15833333333333	87.9
193	91.24166666666666	88.0625
194	91.125	88.53750000000001
195	90.99166666666667	88.325
196	91.10000000000001	88.61250000000001
197	91.08333333333334	88.08749999999999
198	90.875	86.9375
199	90.80833333333334	87.75
200	91.10000000000001	88.47500000000001
201	91.10000000000001	88.075
202	91.21666666666667	88.8125
203	91.01666666666667	88.3625
204	91.04166666666667	88.4625
205	91.11666666666667	88.7375
206	91.01666666666667	88.2
207	91.11666666666667	88.9375
208	91.03333333333333	88.7125
209	91.46666666666667	87.7375
210	91.25	88.7
211	91.44166666666666	88.875
212	91.06666666666666	88.41250000000001
213	91.06666666666666	88.625
214	91.29166666666667	88.4625
215	91.25	88.41250000000001
216	91.41666666666667	89.08749999999999
217	91.34166666666667	87.8625
218	91.29166666666667	88.8875
219	91.34166666666667	88.8125
220	91.125	88.1375
221	91.14166666666667	88.3
222	91.26666666666667	88.1875
223	91.33333333333333	88.05
224	91.36666666666666	88.6875
225	91.19166666666668	88.52499999999999
226	91.25833333333333	88.6625
227	91.28333333333333	87.2625
228	91.19166666666668	88.3125
229	91.38333333333334	88.4875
230	91.46666666666667	88.425
231	91.325	88.775
232	91.20833333333334	87.85
233	91.16666666666666	88.2125
234	91.2	88.3125
235	91.07499999999999	88.61250000000001
236	91.33333333333333	87.25
237	91.29166666666667	88.75
238	91.2	88.225
239	91.13333333333333	88.4
240	91.28333333333333	88.725
241	91.60833333333333	88.4875
242	91.24166666666666	88.75
243	91.425	88.9375
244	91.36666666666666	88.9375
245	91.35	88.75
246	91.36666666666666	88.6875
247	91.21666666666667	87.875
248	91.425	88.3625
249	91.25	88.7125
250	91.26666666666667	88.425
251	91.29166666666667	88.53750000000001
252	91.65833333333333	88.8875
253	91.33333333333333	88.35
254	91.45833333333333	88.7375
255	91.425	87.91250000000001
256	91.4	88.125
257	91.45	88.55
258	91.50833333333334	87.6375
259	91.48333333333333	88.375
260	91.44166666666666	88.75
261	91.65833333333333	88.825
262	91.54166666666667	88.375
263	91.49166666666667	88.725
264	91.38333333333334	88.47500000000001
265	91.26666666666667	88.3625
266	91.375	88.9375
267	91.65833333333333	88.4875
268	91.54166666666667	88.5
269	91.48333333333333	88.7375
270	91.57499999999999	88.5125
271	91.44166666666666	88.75
272	91.55833333333334	88.4
273	91.50833333333334	88.47500000000001
274	91.41666666666667	87.94999999999999
275	91.46666666666667	88.1625
276	91.625	87.925
277	91.46666666666667	88.7375
278	91.46666666666667	88.41250000000001
279	91.66666666666666	88.52499999999999
280	91.44166666666666	88.97500000000001
281	91.51666666666667	88.175
282	91.55	88.425
283	91.475	88.6625
284	91.4	88.6625
285	91.525	89.1
286	91.53333333333333	88.94999999999999
287	91.41666666666667	88.9375
288	91.60833333333333	89.0125
289	91.59166666666667	88.7875
290	91.69166666666668	88.61250000000001
291	91.60833333333333	87.52499999999999
292	91.60833333333333	88.94999999999999
293	91.59166666666667	89.025
294	91.525	88.925
295	91.625	88.2125
296	91.525	88.925
297	91.65833333333333	88.725
298	91.39166666666667	88.4
299	91.33333333333333	88.575
300	91.74166666666666	88.35
301	91.64166666666667	88.8
302	91.56666666666666	88.7375
303	91.65833333333333	88.6
304	91.69166666666668	88.53750000000001
305	91.475	88.61250000000001
306	91.49166666666667	88.675
307	91.625	87.7125
308	91.29166666666667	89.05
309	91.65833333333333	88.6
310	91.55833333333334	89.0
311	91.53333333333333	88.2125
312	91.60833333333333	88.91250000000001
313	91.58333333333334	88.9625
314	91.59166666666667	88.6625
315	91.45833333333333	88.8625
316	91.63333333333334	88.52499999999999
317	91.425	88.35
318	91.46666666666667	88.61250000000001
319	91.64166666666667	88.75
320	91.50833333333334	88.2125
321	91.63333333333334	88.875
322	91.68333333333332	88.6875
323	91.55833333333334	88.675
324	91.55	88.05
325	91.69166666666668	88.175
326	91.59166666666667	88.925
327	91.7	88.8
328	91.74166666666666	88.625
329	91.75833333333333	87.64999999999999
330	91.48333333333333	88.2375
331	91.35	88.64999999999999
332	91.625	88.4875
333	91.38333333333334	88.6
334	91.48333333333333	87.47500000000001
335	91.61666666666667	88.5625
336	91.70833333333334	88.7875
337	91.57499999999999	88.725
338	91.69166666666668	88.9625
339	91.875	88.97500000000001
340	91.85	89.0125
341	91.7	89.1875
342	91.825	88.8875
343	91.66666666666666	88.875
344	91.75	88.9375
345	91.58333333333334	88.5125
346	91.9	88.775
347	91.83333333333333	88.91250000000001
348	91.74166666666666	88.35
349	91.71666666666667	87.9625
350	91.76666666666667	89.1125
351	91.64999999999999	88.41250000000001
352	91.625	88.4875
353	91.64999999999999	89.0125
354	91.725	88.775
355	91.80833333333334	88.925
356	91.725	88.9
357	91.70833333333334	87.52499999999999
358	91.61666666666667	88.8125
359	91.40833333333333	87.875
360	91.85833333333333	88.6625
361	91.71666666666667	88.3
362	91.60000000000001	88.6375
363	91.83333333333333	88.8625
364	91.83333333333333	88.925
365	91.7	88.6
366	91.86666666666666	89.1
367	91.65833333333333	88.8125
368	91.59166666666667	88.6
369	91.75833333333333	88.6625
370	91.825	88.3125
371	91.71666666666667	88.7
372	91.7	88.58749999999999
373	91.68333333333332	88.7875
374	91.74166666666666	89.14999999999999
375	91.94166666666666	88.925
376	91.74166666666666	88.8375
377	91.84166666666667	89.1375
378	91.95	88.9375
379	91.95	88.775
380	91.98333333333333	89.1125
381	91.9	88.35
382	91.89166666666667	88.7125
383	91.91666666666667	88.9375
384	91.81666666666666	88.8875
385	91.88333333333333	89.03750000000001
386	91.84166666666667	88.9875
387	91.69166666666668	88.775
388	91.89166666666667	88.925
389	91.60000000000001	88.1375
390	91.79166666666667	89.125
391	91.85833333333333	88.425
392	91.55	88.41250000000001
393	91.60000000000001	88.3125
394	91.80833333333334	88.97500000000001
395	91.93333333333334	88.9625
396	91.88333333333333	88.325
397	91.85833333333333	88.7
398	91.475	88.725
399	91.78333333333333	88.3625
