0 0.3383337169257083 0.29365666676149677
1 0.337154768235374 0.2932468137438503
2 0.33580338118218334 0.2929286342323822
3 0.33437142111700285 0.2918094196010465
4 0.33299959352010394 0.2915791466606091
5 0.33155979560476345 0.2881896900208433
6 0.3302582811190508 0.28878852350135387
7 0.3292088858675184 0.2844540962913477
8 0.3270689483467421 0.2815399411816541
9 0.32573330890786756 0.2806209414834154
10 0.3241124089876808 0.28081170320248583
11 0.32320891908343385 0.2793223657467857
12 0.3218228265657073 0.28276030462584084
13 0.3203353267426071 0.2763294649340106
14 0.3186915100731527 0.27546038493036623
15 0.31743389103487724 0.28088139304978715
16 0.31598930013574705 0.2801404898666675
17 0.31485000000532887 0.279477677291217
18 0.31360576563244524 0.29414429563662603
19 0.3118697407282695 0.2938299462706546
20 0.30996103117057466 0.2931920589099861
21 0.3087046932924208 0.2772825653833364
22 0.3076250157402695 0.2773016892617218
23 0.3064785273117592 0.27679916550628975
24 0.30485821399923957 0.2887401851005343
25 0.3040210027074587 0.26507119199936
26 0.3025721262430836 0.28741233139256944
27 0.30134823989535325 0.27457229173314385
28 0.29995608219279063 0.26985876425942396
29 0.29881185091008666 0.2877573967535211
30 0.2970029805486445 0.27361622814065567
31 0.29641900880126826 0.2832440331507044
32 0.29461496868683473 0.2689264743285423
33 0.29345731309310186 0.26096675834434596
34 0.29217054181836 0.2745693265317753
35 0.291501254454509 0.2749208750500087
36 0.289702984357777 0.2689166497656355
37 0.2883397774236337 0.2718389443360486
38 0.2868099139317401 0.26675043057228576
39 0.2861918734713506 0.2762202687202177
40 0.28419411345275086 0.27459548257674893
41 0.2831970064778052 0.2671351338456114
42 0.2820887347352445 0.267675037883917
43 0.2808441519678994 0.2666044847235353
44 0.27977464546533776 0.2563876626517096
45 0.278198392754018 0.25706318775037124
46 0.27706703156104834 0.25492767263820026
47 0.27549994258652405 0.25804627723378365
48 0.27485869366299515 0.25949310839732487
49 0.2733875595120543 0.2619890406726323
50 0.2721335394504909 0.253098047867986
51 0.2712063077315077 0.25448324460983696
52 0.269785108510424 0.2572892703648309
53 0.26859853861712585 0.2518708802043616
54 0.26740320271855517 0.24877084397855034
55 0.26662480636288227 0.25793453265384636
56 0.2647302944580238 0.2501991145602491
57 0.26338231504594406 0.2503486145447841
58 0.26228972620585317 0.24281892595701854
59 0.26190957871894405 0.25438914220977205
60 0.2606288878734894 0.2418157189523587
61 0.25898227808611707 0.2499451891988841
62 0.2578893466914044 0.26053771664712067
63 0.2568755155723624 0.250699469111339
64 0.25541704933708853 0.24654813921682553
65 0.2542235039085102 0.23935541585125042
66 0.2531356498226221 0.24329917135067114
67 0.251933962502918 0.24513913765017975
68 0.25053713945824113 0.2408592709009024
69 0.24872840653094533 0.2420794786365942
70 0.24889318185987527 0.2405634163866735
71 0.24688660969119647 0.25013725790040364
72 0.2465383359378299 0.24584724507122718
73 0.2446567393497665 0.23668171125664828
74 0.24254599048810385 0.22865823881866143
75 0.2417670219925324 0.2288523692169784
76 0.2407284815148126 0.23809295282235746
77 0.24064494220315666 0.23147417760516797
78 0.23906232197960195 0.22313804725030198
79 0.2382365625991701 0.2357716654294696
80 0.23680714409777834 0.22785843431733002
81 0.23522729580576818 0.22604361703203668
82 0.23449646821757142 0.22356085329414338
83 0.23367989997297017 0.2163436426752423
84 0.23289088483037365 0.23906263990854537
85 0.2315433096077389 0.21789249448283368
86 0.2294007027345221 0.21540752816662045
87 0.22886969552526226 0.2287037592767998
88 0.22721435599590836 0.21940138417130575
89 0.22720874452241885 0.21121609420276957
90 0.22515797791308217 0.2246336646206778
91 0.22496143401582352 0.21069989813531534
92 0.22261672192181473 0.22016497143009955
93 0.22156199999923187 0.21126985494704079
94 0.2210082427879121 0.2144822013278356
95 0.22021247478897932 0.2219222162254763
96 0.2192926492243201 0.21354953698441193
97 0.21737902846378931 0.2077620018548202
98 0.2158517380109861 0.21326835575461242
99 0.21457448645806182 0.21114281701128565
