0 0.33126802047166626 0.29181362165751257
1 0.33016816310388486 0.29132607805560645
2 0.3295147413382677 0.29106307978761614
3 0.32897410249019005 0.29905374519706845
4 0.3282856670076328 0.29023100990947526
5 0.32781024003427056 0.2897594614423057
6 0.32734094100431865 0.29735806579529306
7 0.3261438328669395 0.28910661149407463
8 0.3255963340286536 0.28861767768604896
9 0.32534049357078143 0.28809893437141826
10 0.3245981851204348 0.2879076015012739
11 0.32375974302372745 0.287510933245344
12 0.3230703977714309 0.2867537575672868
13 0.32239944138939863 0.2865915562417619
14 0.3214258442991764 0.2861059459790405
15 0.3207097765964131 0.28561143305301145
16 0.3205056840637039 0.28444327692276716
17 0.3196803031825102 0.28536063313023396
18 0.319323898183183 0.2849266512853302
19 0.3186232625928819 0.2846558946036491
20 0.31799542178718493 0.2802756545810572
21 0.3175130470423154 0.2829549009289256
22 0.3161508717760957 0.3054501760367805
23 0.315345439572622 0.305301428444848
24 0.31487259821246855 0.30457490526343345
25 0.31422314797430895 0.29716368971903445
26 0.3135182265857548 0.28072680398545874
27 0.3128678581876867 0.29627611652309704
28 0.3120884450781502 0.280157592416925
29 0.3116793273185296 0.29926135914065605
30 0.3113095428298634 0.28952718086807566
31 0.31016158577427777 0.27682059034640666
32 0.3100860671203806 0.28927187608367577
33 0.30949769421953494 0.2761892922471979
34 0.30858823077450254 0.29541013312826986
35 0.3078139722487355 0.2882954027975658
36 0.30751327117794974 0.27523212664052954
37 0.30648653054366054 0.2936203261284732
38 0.3061641994153519 0.2930691388348342
39 0.305160731560391 0.28672919227564886
40 0.30450211366877095 0.2861708736736567
41 0.30407568319610045 0.28563880548009835
42 0.3030733302104518 0.28432405755953083
43 0.30252880389378767 0.2840127259076791
44 0.3017887553623288 0.28346383321638974
45 0.3011313128250963 0.2828705582598561
46 0.30080857312261733 0.2828990368089491
47 0.3000372638896801 0.28235647279776527
48 0.29972226478854774 0.28187208480093195
49 0.29905782788429947 0.28341348378270514
50 0.2983777689190194 0.2827248591087392
51 0.29794056141453873 0.28216578838408507
52 0.29714601450757044 0.28452499384111674
53 0.2970326604930771 0.2748298990644908
54 0.29558075824078195 0.27132443559811503
55 0.2953528050048181 0.28284108576943573
56 0.29429098432675016 0.2708739450612358
57 0.2941522089877119 0.2783650919816731
58 0.29378325519945403 0.277907735866537
59 0.2936217987210414 0.2772377101581798
60 0.29224352000345843 0.2719829195835984
61 0.2916339610736549 0.27612120245161315
62 0.2907440212347425 0.271148039892761
63 0.29064608565355265 0.2708703011455483
64 0.28991869728021946 0.26951212977729055
65 0.2893051818831367 0.26983903682284116
66 0.2887915615756962 0.26875520097932337
67 0.28803992750353397 0.2719837925367001
68 0.2881507312376996 0.26856404854156957
69 0.2872450027032738 0.27180949575079727
70 0.28662356114107806 0.2677803136835118
71 0.28635057585204576 0.27576286693095925
72 0.28594996530032296 0.27212608766932556
73 0.28548741405694433 0.2667677732245403
74 0.2839635044538447 0.2663233002994357
75 0.2837696998142392 0.2645777711394787
76 0.28270355713569456 0.2751349536309567
77 0.2830038448571066 0.25757575550138556
78 0.28223319915910877 0.25980143304943015
79 0.2812571697066361 0.2702695645050879
80 0.2806919532973138 0.2704596917363272
81 0.2804327899798826 0.26864441976861914
82 0.280388479028986 0.26987072091355974
83 0.2789310364614448 0.26827752672762417
84 0.2784326184138254 0.262963342329214
85 0.27786696617925055 0.25127955795663076
86 0.2773973019496442 0.2773502874802475
87 0.27681018725642326 0.2628770335504285
88 0.2761578084158161 0.25925232214493765
89 0.27569717548078554 0.25704410085647406
90 0.2749262296487716 0.26604180906394465
91 0.27422862767717066 0.2596484690355631
92 0.2734372900226629 0.2546163093707263
93 0.2733767435978461 0.2589665561229161
94 0.27289302143106287 0.2561005579468167
95 0.27150465247574557 0.2501609866770012
96 0.27086853232605634 0.26155953019036715
97 0.27073408329465376 0.26195412326607254
98 0.2703139985245843 0.25917699871489397
99 0.26922121985919495 0.25556221557436704
100 0.2690692746635896 0.2558394716712059
101 0.2685769082320097 0.25690792881907243
102 0.2683572200592793 0.2517834467893385
103 0.2665694254865043 0.25643403385116437
104 0.2666381506363936 0.2555650397485548
105 0.26602741341384717 0.25623191252440936
106 0.2658672503286884 0.24972883117052966
107 0.2645505570026373 0.24937976900596953
108 0.2642216019150055 0.25227868107954626
109 0.26387419862945344 0.24972324383553052
110 0.2633821668357083 0.25074015932336935
111 0.263098306378946 0.24878183104302853
112 0.2616558974724385 0.2604306936908248
113 0.26134011531031576 0.24848210593847225
114 0.2612581915591599 0.2529270584968886
115 0.2602978927553835 0.24722421177770143
116 0.25909671662631373 0.2528632161389589
117 0.2591334922956668 0.24875353419920646
118 0.25844340780559244 0.24878088921725214
119 0.2576645418117139 0.25022109779775886
120 0.2572977049867029 0.25502230813861826
121 0.2573336341710779 0.24378106891667936
122 0.2563695725861831 0.24110165126949032
123 0.2553658386617985 0.2452885423460282
124 0.2550807187438336 0.24636160990560133
125 0.25495925927484675 0.24495251241162466
126 0.2543676903913759 0.24924875878843974
127 0.2532131429482986 0.2483171253341008
128 0.2529758878200516 0.24739130837242373
129 0.25261305599258366 0.238432839320087
130 0.25188090967390087 0.24407542997920395
131 0.251101686210757 0.23949019836750843
132 0.25143453981069075 0.24147717068148217
133 0.24988833873911384 0.24078806415093257
134 0.24946351721090798 0.2419061341308433
135 0.2491170581840708 0.2505615353408593
136 0.24838288854081006 0.24223769252526825
137 0.24742020660434255 0.24777473543219558
138 0.24722118081821476 0.2344837520776468
139 0.24680181046130345 0.23897484173039005
140 0.246206081806882 0.23461836765137523
141 0.24444016194655255 0.239884861690708
142 0.2447098655688904 0.2349033989194437
143 0.24506100267630385 0.2415257010770071
144 0.24362583581897662 0.22899354267219763
145 0.2432315970669557 0.23416267558683884
146 0.24202380889235614 0.22745709907353082
147 0.2427216583104026 0.2309414047484352
148 0.24191639203778592 0.23643810260337883
149 0.24170544667579755 0.23598613364995424
150 0.24051539301757355 0.23472344162045963
151 0.23987065942418004 0.23192939914919092
152 0.23918420021727244 0.2189284723419621
153 0.23910277778027195 0.23192924374310148
154 0.23836169338485225 0.21892740700417967
155 0.23780888088628743 0.230669845220585
156 0.23724404162348658 0.23156507217319414
157 0.23627539056332952 0.2320724765183308
158 0.23583408676845755 0.22898248996566586
159 0.23519442191842102 0.22981048590724684
160 0.2349105883745572 0.23181642542708597
161 0.23386830106977322 0.23039567162387956
162 0.23359460398803975 0.21786541537815965
163 0.23277324179169878 0.22935897468059044
164 0.23279280659503437 0.22337948149960357
165 0.2314566051660097 0.22466207233518914
166 0.23188551935734641 0.2213549259389824
167 0.23099555724597273 0.22424088507352552
168 0.23058998922614876 0.22441228225912863
169 0.22959503162890976 0.2273975895943655
170 0.22920211257601023 0.21908802936781419
171 0.22895269106236818 0.2155108430264126
172 0.22769143064843073 0.22422859962007685
173 0.2273172159961514 0.2174658751015532
174 0.22706675446335323 0.21308453128669644
175 0.22686376738040917 0.23217492897368425
176 0.2259893382099782 0.2186033639443742
177 0.22475599018539144 0.21932870832913928
178 0.22478509972605024 0.22029125114238993
179 0.2244150881704721 0.216435615985448
180 0.2232382395525817 0.23377294434965076
181 0.22326320777642786 0.21488705427038057
182 0.2220490861741579 0.21485774513261352
183 0.22255467046523253 0.21580270710219668
184 0.22156775050382657 0.21416272741246223
185 0.2212735708414572 0.2234378513504928
186 0.2204761187081563 0.2175229745539249
187 0.22033437545942397 0.21442191652630002
188 0.21908996436444822 0.21544213280012808
189 0.21811474996348218 0.21094022730016718
190 0.2184923372232946 0.21302654970510035
191 0.21861284187568097 0.2159809940040167
192 0.2172338748275805 0.21079784636273624
193 0.21606376485895568 0.21381429775742142
194 0.21586509043781943 0.20565464187083063
195 0.21565465739047213 0.20648377089167555
196 0.21392584159167097 0.19934358154827522
197 0.21416284048025977 0.20506762426311023
198 0.21395989842494922 0.20320134582245264
199 0.21373214357384987 0.2047862257849541
