0 0.33004649451022405 0.2911284012123915
1 0.3275535911874509 0.2980255822845327
2 0.3258019795625196 0.28853122233634054
3 0.32326136972205644 0.2870111154279035
4 0.3209203954940985 0.2857527784131068
5 0.31905757067673374 0.2848609138582226
6 0.31671198686343593 0.30558521970429586
7 0.3143183475845809 0.30370121686024937
8 0.31184027727745295 0.27769987630027343
9 0.3099717512995426 0.29608741741787775
10 0.3077707543402527 0.294924703891777
11 0.30549705145027894 0.2859661847372075
12 0.30345946775201077 0.28468117712382585
13 0.3008974742243339 0.2831565706643903
14 0.2996579901357163 0.28177899821534164
15 0.29810652760312084 0.2821355564877553
16 0.29532043030946015 0.27936492155976644
17 0.29369892907251244 0.27690304632209906
18 0.29137215678105616 0.27123770812901166
19 0.28947757669205243 0.27001398467915544
20 0.2874835220342983 0.2685559679301789
21 0.28612887046164426 0.2670962191995742
22 0.28383434713738054 0.26558919901536804
23 0.28216017773144986 0.2587119206116073
24 0.27985473670761013 0.2597285885057441
25 0.2774831283217344 0.2575834141982632
26 0.2758810608216991 0.2558161945269528
27 0.2739494577693924 0.2625625065957361
28 0.272203179944496 0.2597629996609189
29 0.2702407589775055 0.24664766905807212
30 0.268225713299482 0.2541668016174863
31 0.26610357656088046 0.24905059890012896
32 0.263617807520319 0.25192227722048965
33 0.26245751060202266 0.2528785510540282
34 0.2606726134216471 0.24516611562323964
35 0.2585486918217862 0.2430885305543195
36 0.2566874566398812 0.24192825550562103
37 0.25452266573725557 0.24745185848272314
38 0.25255709819322375 0.2568206796585821
39 0.25066557680476753 0.2417853009415993
40 0.24878573219859831 0.25093712593919504
41 0.2462927324842508 0.2434364606200791
42 0.24471975024582018 0.2418642774989207
43 0.24342226198980924 0.22880796785382754
44 0.2413406189243096 0.2237463598933495
45 0.23961752215641763 0.23629627431166775
46 0.2379126891312871 0.22217338963704003
47 0.23548966754593456 0.22954683035373155
48 0.23381464862718548 0.23475231465730778
49 0.2319714660269325 0.23172249171658374
50 0.23039943030133175 0.2257923303703426
51 0.2280598588264588 0.21814857076809596
52 0.22645348973760712 0.20971162299472254
53 0.22515001052635736 0.22516798111931702
54 0.22230887008639594 0.2208311082080419
55 0.2207264628404702 0.2093495552918409
56 0.21846965546421415 0.20891240873362354
57 0.21739109175147264 0.20953636833761705
58 0.21523765369425985 0.20687185724699758
59 0.21385566551530033 0.20794524747735604
