0 0.3229051803769915 0.291447705377459
1 0.3211785083834677 0.29070940954227786
2 0.3200785149250167 0.2897604557089831
3 0.3190344307126276 0.28913636353648015
4 0.31760206193661267 0.2883240621381143
5 0.3167868656646959 0.2961238122727594
6 0.3154394070168313 0.28724625533883524
7 0.31427479065137104 0.2946515217892178
8 0.31295933796158476 0.28884882872393003
9 0.31226382125031565 0.2932772732742513
10 0.31040711848876096 0.2920818458855403
11 0.30948870990084476 0.27882145869956754
12 0.30858455126931833 0.2911634154094253
13 0.3074341792071148 0.2859028104398272
14 0.30564214863571393 0.2899927474965508
15 0.304554668484918 0.27586063943577355
16 0.3033366191957832 0.28653692296733035
17 0.30211817651276784 0.2852523783568706
18 0.3011059661473521 0.2812844512835352
19 0.29993889246997274 0.2918252607673165
20 0.2989821509406199 0.2778395553923671
21 0.2978411531888656 0.28909013398456007
22 0.2966373500777727 0.2799508349506568
23 0.2955453218124294 0.2768796926878488
24 0.29456757481252466 0.2845372798450872
25 0.292902062673611 0.27726053529119254
26 0.2920125432684661 0.27534154381447573
27 0.2908587573050371 0.28222557792747727
28 0.28948445795586186 0.2811312328760544
29 0.2889222553810407 0.2715357094896036
30 0.28752115839446213 0.26897632586284703
31 0.28649534491533907 0.2762317350188614
32 0.2852131612212119 0.27338969602540714
33 0.2842836351392137 0.2643546723726797
34 0.28339554161266484 0.2638697594124855
35 0.28190289180498 0.2633594030167954
36 0.28104560413416935 0.2625048731871325
37 0.27970283637984583 0.26298680782453454
38 0.2784154708231065 0.2607767777160374
39 0.27794860454861503 0.2655281702149538
40 0.27590314552832834 0.25950275515534993
41 0.2756010776274488 0.2671410756206047
42 0.27431252585019567 0.2580428016562207
43 0.2728415875700962 0.2629517967330793
44 0.27210499331694427 0.2639252715618386
45 0.2708328095229613 0.2651239530563956
46 0.2706197972765125 0.2589086330951761
47 0.2689694434150468 0.26018116282697573
48 0.26725788661809974 0.2550222174200925
49 0.26609090370996824 0.2528003963350728
50 0.26528145671414954 0.25408777495997237
51 0.2643450996711756 0.24444501871782232
52 0.2623630326676558 0.2518178122758942
53 0.2623208544369157 0.2573813474117273
54 0.2614372805347786 0.25237060308226733
55 0.2599545736030303 0.25726775136793917
56 0.25894712665638575 0.24331527835192207
57 0.2579362062865659 0.24932250274191342
58 0.25657937336097364 0.24550362448787583
59 0.2550581806322062 0.24323186111362477
60 0.25493008120933974 0.2494644799665581
61 0.25357925258075065 0.25266056568748607
62 0.25203720459419815 0.24320112812475955
63 0.25081307343268816 0.24193834267294842
64 0.24950373749454666 0.24297107308693586
65 0.24879824970551867 0.2427289430205427
66 0.24838123615969593 0.24247607989513661
67 0.24667936186732908 0.23686466231723977
68 0.24578245749877958 0.24705482929514577
69 0.24425069509014108 0.2392119371551661
70 0.24324893796991598 0.23688340541433184
71 0.24145181915501496 0.23772508106740195
72 0.24148090822354307 0.23991318315715257
73 0.23990985416044805 0.2364184723553734
74 0.23827989730592802 0.22956514921357613
75 0.2370930957006481 0.22802602318764642
76 0.23706119760273897 0.22358086018136136
77 0.23551433866532884 0.22455285735257
78 0.23492623341966198 0.22604972976090337
79 0.23320277048255006 0.21937646888692294
80 0.23260936378500904 0.22302690025175764
81 0.23130349293787086 0.21784628314972132
82 0.23011996341936455 0.22862182761922062
83 0.22903626921547657 0.222259141975176
84 0.22797531378317312 0.2265719406790527
85 0.2272978725436448 0.22397900708398258
86 0.22553819516113383 0.21754356907305367
87 0.22440547376581785 0.2215347752414824
88 0.22426411006167893 0.20750063319636303
89 0.22230067702049414 0.21633837507900242
90 0.22132290560268675 0.22846371220721431
91 0.22054834087581593 0.21244143008461835
92 0.21974060262787243 0.2159835186270745
93 0.21886398305426133 0.21133131009508896
94 0.21767012993116575 0.2052072976900364
95 0.2166229495147554 0.212200878784804
96 0.21582814123921015 0.21573767741888109
97 0.2152151011450264 0.20929501955909044
98 0.21326921463196571 0.21270056476715135
99 0.212100859674332 0.20524869572079324
