0 0.3382006934135399 0.29354446828091546
1 0.33334044164119037 0.2914335228051264
2 0.3286876096000041 0.2859775116908584
3 0.3239827497229675 0.2799608093351513
4 0.3199550261756952 0.2818193181960333
5 0.31484586489134647 0.27958084006508405
6 0.3099688485627141 0.27864013115150577
7 0.3058581351744561 0.2764730846281175
8 0.30099865370318535 0.28705644127258073
9 0.2968859914762614 0.2864480939163817
10 0.2924025737356623 0.2760062567891944
11 0.28861931616171094 0.2727164312531477
12 0.2837984699056161 0.2770266047157034
13 0.2799395624252766 0.267151144283766
14 0.27600474791976953 0.2637776841913894
15 0.2718027460375102 0.25735421284012916
16 0.26801020097754025 0.24481438304221034
17 0.26454824767425633 0.2566028064700125
18 0.259865118868841 0.247341373931106
19 0.25526044405909964 0.2538750225744154
20 0.25235290169479296 0.24055672072621995
21 0.24795898962980475 0.24261893872739973
22 0.24441208794435934 0.23924186871522388
23 0.23981798039944555 0.22892570039800988
24 0.23624524348344317 0.22739553871358742
25 0.2332007505023751 0.22377461597998452
26 0.22855815332081525 0.22379506598511265
27 0.2250169608559363 0.21941887593488513
28 0.22104658441352126 0.21906426620559247
29 0.217581893625701 0.2137998517118442
