0 0.3400217249924732 0.292490322038387
1 0.3379906526578868 0.2932066984447808
2 0.33715109614243577 0.2941334094169523
3 0.3356817992667156 0.2908516392813705
4 0.3342543052217262 0.29203291331949066
5 0.3326491146303814 0.2893646870238151
6 0.3313311267836197 0.29096194531212927
7 0.3298330682397429 0.286569766020179
8 0.32855723331604897 0.2817929904825365
9 0.3272158264586401 0.28152755447574296
10 0.3255179600521776 0.28121420223109245
11 0.32417652770792615 0.28262497039069867
12 0.3226343455631197 0.28208169437343983
13 0.32202359786161766 0.28223069338153706
14 0.32031354866591344 0.2799812360066178
15 0.3184183731656034 0.2813466977679907
16 0.3171677596602603 0.28072043204281916
17 0.31558560054105883 0.2800796926252399
18 0.31448003438720223 0.2782445154525131
19 0.31319605434021947 0.29522500703849525
20 0.3112027291216297 0.29400298522506146
21 0.3099582982048152 0.2928623730861095
22 0.3089307306702781 0.2775874048037611
23 0.3072220845420855 0.29060253513639933
24 0.30575986862875715 0.27641889246897283
25 0.3046509628067266 0.275965107553086
26 0.3033263143441199 0.27580037743301095
27 0.3023609184942583 0.27500111907388874
28 0.30146938859030675 0.27455891972756047
29 0.29985283033921356 0.27491395273934194
30 0.2981176697480819 0.26297702732455325
31 0.29707404479717714 0.2835229017082374
32 0.2961458950881564 0.2830997151775136
33 0.2944091967626252 0.27631238104553313
34 0.2929356463673261 0.274834377388664
35 0.2919730571288367 0.2747556942660806
36 0.290429627031154 0.2793035378488705
37 0.2888472677113976 0.2681901126835984
38 0.28831922956552963 0.26727046561668744
39 0.2869281329196544 0.2634777283361913
40 0.2862518750004782 0.2660303611782124
41 0.2840287297920531 0.2671830624748113
42 0.28321776605378285 0.2527090469748871
43 0.28280567917441035 0.26593496898120905
44 0.2804992985264662 0.25555650665429047
45 0.27937472678302117 0.2660743933651895
46 0.27836767205671226 0.26504324437378246
47 0.27745202389815293 0.2670730257955523
48 0.27623992933503855 0.25248358920571395
49 0.2745537767935351 0.253659869678559
50 0.2733516817410657 0.25315227774622645
51 0.2724776643687639 0.2539245347915584
52 0.2705821481808058 0.2549128660448146
53 0.27017175417583555 0.24793428823933028
54 0.2674537268659031 0.25966320546392613
55 0.2668733079980986 0.25517561364348457
56 0.26593452523213423 0.24675875233370892
57 0.264501568844641 0.25443246879345877
58 0.26337778207278056 0.2583140486578436
59 0.2618668562262143 0.24385422445577679
60 0.2613349548237049 0.25323161547546097
61 0.2603805101204005 0.24300924110523286
62 0.25855846408578426 0.2447959225806099
63 0.25679121954133033 0.2551481177803744
64 0.25655752209273747 0.2537669286255436
65 0.2551092665489849 0.24809061941927674
66 0.25450976922290036 0.24007192967598157
67 0.2530552705617494 0.2418861766521973
68 0.251933065714059 0.24568782788312568
69 0.250588629315367 0.23941223567042247
70 0.24992771528368804 0.23480915907464728
71 0.24850121258064026 0.23627337556065642
72 0.2472569637960657 0.23834191327389834
73 0.24547536093943156 0.2394178191225028
74 0.24544065355141156 0.23440543247355497
75 0.24338751086366028 0.2327546557944729
76 0.24228939487288625 0.23362919127719242
77 0.2408909539842557 0.23624566778454373
78 0.23947981318593 0.2329058805521896
79 0.2386677885267577 0.2314241534317225
80 0.23722504921298945 0.2435765127403633
81 0.2368083919003938 0.23190536345465176
82 0.2353229690678106 0.22686019843087463
83 0.23386792196571726 0.23473684712230147
84 0.23369360236343362 0.22309932488581807
85 0.23238930051705878 0.21748831467758128
86 0.23039662615570344 0.22766250834554622
87 0.22978679348429304 0.2233471775917389
88 0.22791431396122983 0.22508464713637166
89 0.2275421308430756 0.22443073955895823
90 0.2261627586219877 0.2215767017327914
91 0.2247619102874783 0.22448952577068162
92 0.2240501779748798 0.21901755895634215
93 0.2226844688815861 0.2182115059728632
94 0.22212354872136109 0.224708211297636
95 0.22129516736841764 0.21841826289519747
96 0.2192929516635468 0.22567701570766605
97 0.21876763933875198 0.21297041710774028
98 0.21736494498951117 0.2120789303999928
99 0.2164752148984662 0.2170681761501623
